SCMBranch=Macmillan_1814_IOLab
SCMRepository=Macmillan_1814_IOLab/Code/RemoteSensorProcessor/priv/Applications/IOLabRemoteSensor/src/Drivers/Micro
SCMMainlineUUID={6b77b1ac-5ed9-4911-998b-1ee71966676c}
SCMBranchRepositoryID=134
Adc.c;2747749323;10;1414162389;|37|3050
Adc.h;287547675;7;1414162389;|38|3051
Board.c;3155161665;4;1341599586;|39|1112
Board.h;4277537020;6;1347551450;|40|1903
Clock.c;1722292229;7;1340920883;|41|925
Clock.h;1619654856;3;1432065707;|42|3094
Dma.c;104106870;3;1338414524;|238|542
Dma.h;2043860708;2;1337203391;|239|405
Gpio.c;3079286479;15;1364996660;|33|2368
Gpio.h;30024811;5;1437114193;|34|3199
I2c.c;1812006426;3;1338414524;|43|543
I2c.h;3175339896;2;1336167680;|44|233
Interrupt.c;2165965324;3;1338414524;|45|544
Interrupt.h;212044938;2;1334858195;|46|158
Pmm.c;2036903688;4;1338414524;|35|545
Pmm.h;2629359790;2;1334858212;|36|160
SpiMaster.c;3314988541;7;1341268347;|49|1080
SpiMaster.h;434667722;3;1336598329;|50|248
SpiSlave.c;3255316221;3;1338414524;|51|547
SpiSlave.h;580764499;3;1338414524;|52|548
System.c;3141738999;7;1349216055;|53|2105
System.h;2742058470;3;1349216055;|54|2106
Timer.c;1391245751;5;1344397917;|55|1459
Timer.h;1459297402;5;1344295973;|56|1417
Uart.c;1617481422;7;1414162389;|57|3052
Uart.h;272766510;3;1354238494;|58|2229
Watchdog.h;2019492118;5;1346974028;|59|1830
