SCMBranch=Macmillan_1814_IOLab
SCMRepository=Macmillan_1814_IOLab/Code/RemoteSensorProcessor/priv/Applications/IOLabRemoteSensor/src/Components
SCMMainlineUUID={6b77b1ac-5ed9-4911-998b-1ee71966676c}
SCMBranchRepositoryID=131
AccelerometerControl.c;2899615050;7;1345468819;|408|1577
AccelerometerControl.h;1413461290;1;1340929868;|409|953
AmbientLightControl.c;4275948095;8;1434053817;|458|3146
AmbientLightControl.h;2071096760;2;1346957677;|457|1800
Analog7Control.c;2561059796;5;1434053817;|474|3147
Analog7Control.h;1740377695;1;1347302306;|473|1930
Analog8Control.c;2400378047;5;1434053817;|472|3148
Analog8Control.h;994446948;1;1347303715;|471|1928
Analog9Control.c;2844364330;5;1434053817;|470|3149
Analog9Control.h;2094873631;1;1347305053;|469|1926
BarometerControl.c;831518517;4;1437114105;|432|3190
BarometerControl.h;574242430;2;1346188546;|433|1702
BatteryControl.c;1278254301;7;1434053817;|456|3150
BatteryControl.h;1791640076;2;1346973883;|455|1821
BuzzerControl.c;333646670;6;1414162389;|439|3039
BuzzerControl.h;2025665465;1;1345396514;|438|1558
CommProtocol.c;1417335082;27;1437114119;|257|3191
CommProtocol.h;2099564621;5;1414174233;|258|3065
DacControl.c;442893566;1;1344630343;|436|1496
DacControl.h;2270748835;1;1344612693;|437|1497
DigitalIOControl.c;2411288890;1;1333740286;|91|95
DigitalIOControl.h;1375262695;1;1333740239;|92|96
DigitalInputControl.c;932641522;4;1434053817;|486|3151
DigitalInputControl.h;695246538;1;1347579651;|485|1957
Ecg6ChanControl.c;958924685;2;1434053817;|621|3152
Ecg6ChanControl.h;2193077454;1;1411766518;|620|2944
EcgControl.c;699911476;6;1434053817;|462|3153
EcgControl.h;2939208196;1;1346952558;|461|1796
EncoderControl.c;1251301865;2;1343675201;|426|1317
EncoderControl.h;3710143114;1;1343227494;|427|1277
ForceGaugeControl.c;2399440744;8;1434053817;|430|3154
ForceGaugeControl.h;4162853421;1;1343929264;|431|1375
GyroscopeControl.c;4258310713;5;1347398531;|434|1877
GyroscopeControl.h;1274939764;1;1344377682;|435|1448
Header1Control.c;606219963;1;1347578848;|484|1956
Header1Control.h;2393337658;1;1347572740;|483|1955
Header2Control.c;1986290791;1;1347578821;|482|1954
Header2Control.h;285850584;1;1347578824;|481|1953
Header3Control.c;937239987;1;1347578955;|480|1952
Header3Control.h;3151352603;1;1347578873;|479|1951
Header4Control.c;923364580;6;1414162389;|468|3042
Header4Control.h;1573978484;1;1347306760;|467|1924
Header5Control.c;310835859;4;1414162389;|466|3043
Header5Control.h;2865814596;1;1347557480;|465|1922
Header6Control.c;1369076343;1;1347579052;|478|1950
Header6Control.h;640775785;1;1347578976;|477|1949
HighGainControl.c;1110156731;6;1434053817;|460|3155
HighGainControl.h;2715088695;1;1346952558;|459|1794
LedControl.c;4040572153;2;1342104541;|93|1158
LedControl.h;1037937567;3;1344295776;|94|1408
MagnetometerControl.c;4188402411;7;1345590728;|410|1613
MagnetometerControl.h;2714349889;2;1345468806;|411|1576
MicrophoneControl.c;2881506501;6;1434053817;|464|3156
MicrophoneControl.h;3941127552;1;1346960500;|463|1854
PmmControl.c;3151030705;2;1341263211;|95|1054
PmmControl.h;998784749;1;1333735072;|96|100
PushButtonControl.c;3198695757;8;1437114131;|97|3192
PushButtonControl.h;3489372588;4;1437114143;|98|3193
TestProtocol.c;3692056137;15;1434053817;|263|3157
TestProtocol.h;3010864152;1;1337976141;|264|501
ThermometerControl.c;3740367145;3;1434053817;|560|3158
ThermometerControl.h;2836507669;1;1365456788;|561|2425
UiManager.c;1441439384;2;1437114155;|630|3194
UiManager.h;1270830925;1;1414080448;|631|3026
UiManagerSequenceData.h;2752124024;1;1410807486;|632|3010
