SCMBranch=Macmillan_1814_IOLab
SCMRepository=Macmillan_1814_IOLab/Code/RemoteSensorProcessor/priv/Applications/IOLabRemoteSensor/src/Drivers/Devices
SCMMainlineUUID={6b77b1ac-5ed9-4911-998b-1ee71966676c}
SCMBranchRepositoryID=133
Accelerometer.c;948838885;11;1348082864;|110|2025
Accelerometer.h;4271314639;4;1341184954;|111|1023
AdcManager.c;2975519754;11;1434053817;|99|3159
AdcManager.h;924150457;10;1434053817;|100|3160
Barometer.c;3529562610;4;1346188546;|121|1703
Barometer.h;2458215312;3;1346188546;|122|1704
Buzzer.c;1381937841;2;1437114181;|628|3195
Buzzer.h;1180524353;2;1437114181;|629|3196
Dac.c;1153917205;1;1341115813;|419|1070
Dac.h;1876734589;1;1340997175;|418|1069
Encoder.c;1235066456;5;1348083745;|422|2028
Encoder.h;112108703;2;1343659634;|423|1303
GpioManager.c;2764126133;1;1333734239;|101|105
GpioManager.h;2713177258;1;1333734204;|102|106
Gyroscope.c;1663447345;6;1365696246;|417|2483
Gyroscope.h;1187249907;6;1365696246;|416|2484
Magnetometer.c;325833950;6;1365696246;|108|2485
Magnetometer.h;693704721;4;1365696246;|109|2486
Pwm.c;2551737430;7;1437114181;|47|3197
Pwm.h;1439837313;5;1437114181;|48|3198
Ultrasound.c;2710268537;3;1345468745;|415|1574
Ultrasound.h;696459033;1;1341110699;|414|1065
