SCMBranch=Macmillan_1814_IOLab
SCMRepository=Macmillan_1814_IOLab/Code/RemoteSensorProcessor/priv/Applications/IOLabRemoteSensor/src/Drivers/Utilities
SCMMainlineUUID={6b77b1ac-5ed9-4911-998b-1ee71966676c}
SCMBranchRepositoryID=135
Assert.c;4221728452;7;1434053817;|103|3161
Assert.h;296489696;6;1434053817;|24|3162
Conversion.c;3805782972;2;1338933980;|266|607
Conversion.h;2520330795;2;1338933980;|267|608
Debug.h;1601476923;3;1415920116;|25|3081
EventQueue.c;1161615117;3;1434053817;|104|3163
EventQueue.h;3868013004;8;1437114207;|105|3200
Serial.c;3881265517;9;1365696246;|26|2492
Serial.h;522034539;6;1365696246;|27|2493
TimerTick.c;2422590243;7;1344295996;|106|1418
TimerTick.h;525800440;4;1341599558;|107|1111
Version.c;2370172952;3;1370370917;|123|2803
Version.h;4042354185;33;1437114347;|124|3205
