SCMBranch=Macmillan_1814_IOLab
SCMRepository=Macmillan_1814_IOLab/Code/RemoteSensorProcessor/priv/Applications/IOLabRemoteSensor/src/Include
SCMMainlineUUID={6b77b1ac-5ed9-4911-998b-1ee71966676c}
SCMBranchRepositoryID=136
Device.h;313790536;4;1365696246;|265|2495
FixedConfigList.h;3428847726;2;1434053817;|624|3164
FixedConfigSettings.h;1980285748;2;1434053817;|625|3165
KeyValue.c;504120139;3;1345468635;|428|1571
KeyValue.h;2230803075;18;1434053817;|429|3166
NoteDurationToMs.h;3748328502;3;1434053817;|626|3167
PitchToFrequency.h;2879480805;1;1410819322;|627|3005
ProjectTypes.h;2390691101;3;1367331938;|28|2722
PwmDutyCycles.h;916272578;1;1347480347;|476|1947
PwmFrequencies.h;865882075;2;1365696246;|475|2497
SensorId.h;1194307420;5;1412256734;|405|2958
msp430f5325.h;1836866203;2;1432065714;|531|3097
msp430f5329.h;1547609528;4;1432065707;|29|3096
